-79998713317
-79295335535
-79252393969
79295335475
79295335476
79295335477
79295335478
79295335479
79295335480
79295335481
79295335482
79295335483
79295335484
79295335485
79295335486
79295335487
79295335488
79295335489
79295335490
79295335491
79295335492
79295335493
79295335494
79295335495
79295335496
79295335497
79295335498
79295335499
79295335500
79295335501
79295335502
79295335503
79295335504
79295335505
79295335506
79295335507
79295335508
79295335509
79295335510
79295335511
79295335512
79295335513
79295335514
79295335515
79295335516
79295335517
79295335518
79295335519
79295335520
79295335521
79295335522
79295335523
79295335524
79295335525
79295335526
79295335527
79295335528
79295335529
79295335530
79295335531
79295335532
79295335533
79295335534
79295335535
79295335536
79295335537
79295335538
79295335539
79295335540
79295335541
79295335542
79295335543
79295335544
79295335545
79295335546
79295335547
79295335548
79295335549
79295335550
79295335551
79295335552
79295335553
79295335554
79295335555
79295335556
79295335557
79295335558
79295335559
79295335560
79295335561
79295335562
79295335563
79295335564
79295335565
79295335566
79295335567
79295335568
79295335569
79295335570
79295335571
79295335572
79295335573
79295335574
79295335575
79295335576
79295335577
79295335578
79295335579
79295335580
79295335581
79295335582
79295335583
79295335584
79295335585
79295335586
79295335587
79295335588
79295335589
79295335590
79295335591
79295335592
79295335593
79295335594
79295335595
79295335596
79295335597
79295335598
79295335599
79295335600
79295335601
79295335602
79295335603
79295335604
79295335605
79295335606
79295335607
79295335608
79295335609
79295335610
79295335611
79295335612
79295335613
79295335614
79295335615
79295335616
79295335617
79295335618
79295335619
79295335620
79295335621
79295335622
79295335623
79295335624
79295335625
79295335626
79295335627
79295335628
79295335629
79295335630
79295335631
79295335632
79295335633
79295335634
79295335635
79295335636
79295335637
79295335638
79295335639
79295335640
79295335641
79295335642
79295335643
79295335644
79295335645
79295335646
79295335647
79295335648
79295335649
79295335650
79295335651
79295335652
79295335653
79295335654
79295335655
79295335656
79295335657
79295335658
79295335659
79295335660
79295335661
79295335662
79295335663
79295335664
79295335665
79295335666
79295335667
79295335668
79295335669
79295335670
79295335671
79295335672
79295335673
79295335674
79295335675
79295335676
79295335677
79295335678
79295335679
79295335680
79295335681
79295335682
79295335683
79295335684
79295335685
79295335686
79295335687
79295335688
79295335689
79295335690
79295335691
79295335692
79295335693
79295335694
79295335695
79295335696
79295335697
79295335698
79295335699
79295335700
79295335701
79295335702
79295335703
79295335704
79295335705
79295335706
79295335707
79295335708
79295335709
79295335710
79295335711
79295335712
79295335713
79295335714
79295335715
79295335716
79295335717
79295335718
79295335719
79295335720
79295335721
79295335722
79295335723
79295335724
79295335725
79295335726
79295335727
79295335728
79295335729
79295335730
79295335731
79295335732
79295335733
79295335734
79295335735
79295335736
79295335737
79295335738
79295335739
79295335740
79295335741
79295335742
79295335743
79295335744
79295335745
79295335746
79295335747
79295335748
79295335749
79295335750
79295335751
79295335752
79295335753
79295335754
79295335755
79295335756
79295335757
79295335758
79295335759
79295335760
79295335761
79295335762
79295335763
79295335764
79295335765
79295335766
79295335767
79295335768
79295335769
79295335770
79295335771
79295335772
79295335773
79295335774
79295335775
79295335776
79295335777
79295335778
79295335779
79295335780
79295335781
79295335782
79295335783
79295335784
79295335785
79295335786
79295335787
79295335788
79295335789
79295335790
79295335791
79295335792
79295335793
79295335794
79295335795
79295335796
79295335797
79295335798
79295335799
79295335800
79295335801
79295335802
79295335803
79295335804
79295335805
79295335806
79295335807
79295335808
79295335809
79295335810
79295335811
79295335812
79295335813
79295335814
79295335815
79295335816
79295335817
79295335818
79295335819
79295335820
79295335821
79295335822
79295335823
79295335824
79295335825
79295335826
79295335827
79295335828
79295335829
79295335830
79295335831
79295335832
79295335833
79295335834
79295335835
79295335836
79295335837
79295335838
79295335839
79295335840
79295335841
79295335842
79295335843
79295335844
79295335845
79295335846
79295335847
79295335848
79295335849
79295335850
79295335851
79295335852
79295335853
79295335854
79295335855
79295335856
79295335857
79295335858
79295335859
79295335860
79295335861
79295335862
79295335863
79295335864
79295335865
79295335866
79295335867
79295335868
79295335869
79295335870
79295335871
79295335872
79295335873
79295335874
79295335875
79295335876
79295335877
79295335878
79295335879
79295335880
79295335881
79295335882
79295335883
79295335884
79295335885
79295335886
79295335887
79295335888
79295335889
79295335890
79295335891
79295335892
79295335893
79295335894
79295335895
79295335896
79295335897
79295335898
79295335899
79295335900
79295335901
79295335902
79295335903
79295335904
79295335905
79295335906
79295335907
79295335908
79295335909
79295335910
79295335911
79295335912
79295335913
79295335914
79295335915
79295335916
79295335917
79295335918
79295335919
79295335920
79295335921
79295335922
79295335923
79295335924
79295335925
79295335926
79295335927
79295335928
79295335929
79295335930
79295335931
79295335932
79295335933
79295335934
79295335935
79295335936
79295335937
79295335938
79295335939
79295335940
79295335941
79295335942
79295335943
79295335944
79295335945
79295335946
79295335947
79295335948
79295335949
79295335950
79295335951
79295335952
79295335953
79295335954
79295335955
79295335956
79295335957
79295335958
79295335959
79295335960
79295335961
79295335962
79295335963
79295335964
79295335965
79295335966
79295335967
79295335968
79295335969
79295335970
79295335971
79295335972
79295335973
79295335974
79295335975
79295335976
79295335977
79295335978
79295335979
79295335980
79295335981
79295335982
79295335983
79295335984
79295335985
79295335986
79295335987
79295335988
79295335989
79295335990
79295335991
79295335992
79295335993
79295335994
79295335995
79295335996
79295335997
79295335998
79295335999